230 168
25 213
115 106
162 149
1 132
177 190
109 193
86 130
56 192
196 131
218 117
49 162
200 122
73 177
165 229
182 212
68 109
97 183
216 161
102 119
63 181
79 74
47 68
204 5
30 73
136 151
190 186
83 62
210 156
141 145
155 94
127 126
105 126
79 223
57 84
15 22
35 94
97 214
64 203
220 227
178 126
148 138
214 133
201 194
59 112
110 116
108 139
12 116
36 224
109 225
210 124
18 147
121 17
132 87
122 122
216 71
150 36
111 135
169 214
99 130
229 111
17 107
21 161
125 189
57 137
86 37
163 6
185 186
23 219
44 48
111 162
119 163
199 0
68 138
215 70
39 116
83 188
125 6
21 21
195 79
158 184
18 91
190 203
180 214
94 224
164 107
156 53
41 27
185 109
166 72
81 107
188 165
197 84
171 218
105 39
67 165
223 218
158 183
191 108
69 56
4 3
163 63
188 106
90 144
118 158
118 199
167 77
36 134
63 110
123 70
149 92
5 44
80 65
129 174
76 199
132 212
104 197
177 195
74 38
11 192
98 129
63 36
108 100
72 171
210 195
11 31
190 148
75 40
116 204
116 192
75 18
76 82
118 24
47 192
194 190
56 62
89 119
0 198
121 73
41 101
170 53
34 130
103 109
171 219
216 189
83 193
208 160
45 96
86 224
190 50
184 16
112 176
37 15
46 159
88 87
162 28
42 99
159 146
110 2
37 96
191 23
192 71
85 139
69 171
134 29
221 220
177 5
68 117
20 114
